Research1 - To show cases where soft clustering is not hard clustering

In the following two examples the clustering produced by fuzzy programs are completely soft (that is it does not allocate any sample completely to one cluster)

1. Dataset 1

	1.1: Data set = iris_12_10.csv (random samples collected from iris.csv using fraction_xy.py with random seed = 12 and fraction = 10%, the dataset has 15 samples)

	1.2: c(i,j) soft clustering labels of size = 15 x 3 

			fuzzyLloyd.py (Run Configuration: python3 fuzzyLloyd.py iris_12_10.csv 3 10 2 iris_12_10_fuzzyLloyd.txt)

			--------------------------------------------------------------------------------------
			| 2.430452946583842866e-02  |  9.631235729768855558e-01  |  1.257189755727607799e-02 |
			| 5.451455169799975312e-03  |  9.918845707742448559e-01  |  2.663974055955159286e-03 |
			| 1.171705262526204390e-02  |  9.829726565120283643e-01  |  5.310290862709477269e-03 |
			| 1.030789450227569647e-02  |  9.847503516024563863e-01  |  4.941753895267863433e-03 |
			| 4.742487349034180122e-02  |  9.289734863827810996e-01  |  2.360164012687711310e-02 |
			| 2.419500750448832626e-03  |  9.964126732119182872e-01  |  1.167826037632860216e-03 |
			| 2.494097644958341749e-03  |  9.962606410346633856e-01  |  1.245261320378222760e-03 |
			| 4.939862776045911286e-01  |  4.322451581135764581e-02  |  4.627892065840512603e-01 |
			| 9.587196143961742578e-01  |  9.123443269186577720e-03  |  3.215694233463908119e-02 |
			| 9.247048000271345103e-01  |  2.505857522044779157e-02  |  5.023662475241767039e-02 |
			| 1.305168288556046996e-01  |  9.353676541212859255e-03  |  8.601294946031824429e-01 |
			| 1.356543164278136704e-01  |  2.703581874664989781e-02  |  8.373098648255363763e-01 |
			| 2.952725863159413183e-02  |  3.922402701278774814e-03  |  9.665503386671270292e-01 |
			| 5.845987971420733009e-01  |  2.457992621824611063e-02  |  3.908212766396805815e-01 |
			| 2.260750281767030523e-01  |  1.996197015183417273e-02  |  7.539630016714626848e-01 |
			--------------------------------------------------------------------------------------

	1.3: error of c(i, j) = 4.3283535192724445 (Calculated with parameters, k = 3, r = 10, p = 2)

	1.4: c(i) hard clustering labels of size = 15 x 1 (Calculated with parameters, k = 3, r = 10)

			lloyd.py (Run Configuration: python3 lloyd.py iris_12_10.csv 3 10 iris_12_10_lloyd.txt)

			-----
			| 1 |
			| 1 |
			| 1 |
			| 1 |
			| 1 |
			| 1 |
			| 1 |
			| 2 |
			| 2 |
			| 2 |
			| 3 |
			| 3 |
			| 3 |
			| 2 |
			| 3 |
			-----
	1.5: quantization error of c(i) = 5.423214285714286 (Calculated with parameters, k = 3, r = 10)


2. Dataset 2

	1.1: Data set = iris_7_10.csv (random samples collected from iris.csv using fraction_xy.py with random seed = 7 and fraction = 10%, the dataset has 15 samples)

	1.2: c(i,j) soft clustering labels - size = 15 x 3 

			fuzzypp.py (Run Configuration: python3 fuzzypp.py iris_12_10.csv 3 10 2 iris_12_10_fuzzypp.txt)

			--------------------------------------------------------------------------------------
			| 9.919991698409974523e-01  |  5.023483249204790078e-03  |  2.977346909797908090e-03 |
			| 9.916778308098730399e-01  |  5.100382616221940321e-03  |  3.221786573905038864e-03 |
			| 9.260446923724345858e-01  |  4.449834847553701955e-02  |  2.945695915202837384e-02 |
			| 9.947718270129173312e-01  |  3.211100500585838124e-03  |  2.017072486496935147e-03 |
			| 8.564672603252886374e-01  |  9.014367578183421492e-02  |  5.338906389287707832e-02 |
			| 2.383335527799234493e-02  |  3.938269251642391167e-01  |  5.823397195577685315e-01 |
			| 7.649252114023548897e-03  |  6.661350333556836922e-02  |  9.257372445504080671e-01 |
			| 8.324306051989080208e-04  |  9.935906224898137795e-01  |  5.576946904987205127e-03 |
			| 2.359748008920586979e-03  |  2.660860084656429050e-02  |  9.710316511445151733e-01 |
			| 2.661793532310608324e-03  |  9.837036653086669302e-01  |  1.363454115902231270e-02 |
			| 2.364010779512071975e-02  |  6.741503010063306656e-01  |  3.022095911985486771e-01 |
			| 1.793733773931184550e-02  |  9.130044280812001922e-01  |  6.905823417948803167e-02 |
			| 4.232069711293560271e-02  |  8.316008473054925521e-01  |  1.260784555815718522e-01 |
			| 4.487257687513655779e-02  |  2.151701641043444746e-01  |  7.399572590205188982e-01 |
			| 1.827574025576707978e-02  |  5.491098187528837826e-01  |  4.326144409913492139e-01 |
			--------------------------------------------------------------------------------------

	1.3: error of c(i, j) = 5.176840192752779 (Calculated with parameters, k = 3, r = 10, p = 2)

	1.4: c(i) hard clustering labels - size = 15 x 1 (Calculated with parameters, k = 3, r = 10)

			kmeanspp.py (Run Configuration: python3 kmeanspp.py iris_12_10.csv 3 10 iris_12_10_kmeanspp.txt)

			-----
			| 3 |
			| 3 |
			| 3 |
			| 3 |
			| 3 |
			| 1 |
			| 2 |
			| 1 |
			| 2 |
			| 1 |
			| 1 |
			| 1 |
			| 1 |
			| 2 |
			| 1 |
			-----
	
	1.5: quantization error of c(i) = 6.4171428571428555 (Calculated with parameters, k = 3, r = 10)

